FIELD_AUTONOMY_Q_TABLE_V1
605 3
0
0
0
0
0
0
0
0
0
0
0
0
0
0
0
0
0
0
0
0
0
0
0
0
0
0
0
0
0
0
0
0
0
0
0
0
0
0
0
0
0
0
0
0
0
0
0
0
0
0
0
0
0
0
0
0.013849365049754411
0
-0.0087247269264078796
0.0093246343589210804
-0.014660528857767242
0
0
0
0
0
0
0
0
0
0
-0.010838926925934515
0
-0.007817947819685693
-0.0088506698434284419
0.4164479045218934
0
0
0
0
0
0
0
0
0
0.39855393927261279
-0.017907006664006568
-0.01122522909338901
0
1.6240559361769105
0
0
0
0
0
0
0
0
0
0
-0.0087930423359401568
-0.00711321910320932
6.1416461604211356
2.2994185693727354
-0.0024172548794707547
0
0
0
0
0
0
0
0
0
0
0
18.978924471219372
4.3665191486948665
0
14.451691626987103
0
0
0
0
0
0
0
0
0
0
0
2.816286682026488
0
0
0
0
0
0
0
0
0
0
0
0
0
0
0
0
0
0
0
0
0
0
0
0
0
0
0
0
0
0
0
0
0
0
0
0
0
0
0
0
0
0
0
0
0
0
0
0
0
0
0
0
0
0
0
0
0
0
0
0
0
0
0
0
0
0
0
0
0
0
0.14340254814989287
34.716149440183237
1.8418002309694188
0
4.1204663530150887
0
0.06256619075975639
29.16374784354074
0.20816939541662299
0
0
0
0
0
0
37.705306302632707
6.20188601531971
6.7185681407828621
4.0494712221629721
39.419973074155024
0.22502774450173038
6.7000128758918756
34.491193467827436
0.12288135530337133
0
0
0
0
0
0
10.785955729285517
36.949639714514305
2.383344864750248
40.983627221552744
14.332374866802345
9.537651277778723
0.068609428693501298
37.065253264739056
0.23822448928966378
0
0
0
0
0
0
7.9659179361995518
39.638034498282998
0.53524140017206812
12.012654185214096
41.9557889562318
15.349493083927609
0.11487513710406763
31.008365780926589
0.24056571752490785
0
0
0
0
0
0
0.56248743864669937
42.564686327859171
1.0725489614852439
32.109704904047803
42.760422628697718
25.748908699296305
3.4827393185778059
5.5244454672415859
0
0
0
0
0
0
0
42.967551373196841
23.921229378779977
23.099899469537675
30.083996095298254
28.52686956767683
43.344963238452138
0
8.0754501671656396
0
0
0
0
0
0.16663956938462721
24.520718008689428
33.079374868618196
44.860252829612691
40.778907997472047
24.850085484528361
43.986294007169619
15.391917143158354
0
0
0
0
0
0
0
0
0
0
14.575251590674135
0
0.045988731671893948
0
0
0
0
0
0
0
0
0
0
0
0
0
0
0
0
0
0
0
0
0
0
0
0
0
0
0
0
0
0
0
0
0
0
0
0
0
0
0
0
0
0
0
0
0
0
0
0
0
0
0
0
0
0
0
0
0.075512461805250369
26.869183613299764
0.2366383028406053
23.229709688313577
4.1714839336486298
0.069489022086485913
0.093864466978120592
0.070134772857982933
20.075092196776335
0
0
0
0
0
0
0.078305018176260122
41.54334878942992
4.7126933987660227
8.4602442850986677
45.161091926228195
1.933576670903056
30.268485571837321
0
0
0
0
0
0
0
0
4.8459043851016208
39.867024687671197
0
8.9794783009951047
8.7007379277014003
46.444522789026188
0
0.073611462207552977
5.2222623378729809
0
0
0
0
0
0
0.3660810132114859
43.718446368499791
3.5222665320298781
7.4559375007349864
46.721199314599268
22.577017180304249
0
0
0
0
0
0
0
0
0
17.721522791808638
47.318109752796445
8.1926321548616663
20.09217887651058
18.820538245871411
47.151530205956924
0
0
0
0
0
0
4.9668146230746091
46.920492660901076
1.123295385725807
45.942960295118624
47.922302361290235
44.783618559739189
47.2800867917082
24.767605749408695
32.42946732515658
0
0
0
0
0
0
47.962470737212975
10.402905343230293
26.578241361210114
46.256164898308612
46.783767292085997
46.286540607566593
35.637625238852671
15.100146615405301
46.356404330025633
0
0
0
0
0
0
0
2.5661850857365245
0.12185583774945129
46.509823813212655
4.0250814174290195
0.16106951034529671
0
0
0
0
0
0
0
0
0
0
0
0
0
0
0
0
0
0
0
0
0
0
0
0
0
0
0
0
0
0
0
0
0
0
0
0
0
0
0
0
0
0
0
0
0
0
0
0
0
0
0
0
0
0
0
0
0
4.5893270593568483
39.076478223465742
0.16977677399777108
4.4430392509999317
45.037784262435892
4.2668161971130356
1.6310882067036587
1.7692598434852822
0
0
0
0
0
0
0
1.2127122387614975
44.957922247837175
3.0715516655741033
9.6647664802068949
2.3471368530645975
44.854927888307593
0
4.8509845204001243
0
0
0
0
0
0
0
35.97377200462364
28.256148296462499
48.396947855401507
30.764954207117771
31.02440384201153
48.533170824025476
0
0
0
0
0
0
0
4.8779736743769142
0
48.629336322340933
48.625899450326514
48.715680875945623
46.815310880462874
48.665669526947262
46.733368348429266
0
0
0
0
0
0
44.749116741816962
48.927338714097758
39.143732031417599
48.738558421497366
48.57796887037842
48.519570030769422
47.058323555374606
48.652369443869048
48.521004805661306
0
0
0
0
0
0
48.834058705910451
48.545898252715155
47.384097681336584
48.623227086479815
42.343181186541422
36.894704914679345
48.79337018702617
19.751973360615203
15.068098418872983
0
0
0
0
0
0
48.706192659731883
42.098426016705758
45.733920100523711
48.653305466953931
33.208173603629078
30.100591179835352
0
13.935529943226578
0
0
0
0
0
0
0
0
0
0
0
22.163098225709948
0
0
0
0
0
0
0
0
0
0
0
0
0
0
0
0
0
0
0
0
0
0
0
0
0
0
0
0
0
0
0
0
0
0
0
0
0
0
0
0
0
0
0
0
0
0
0
0
0
0
0
0
0
0
0
0
0
0
6.22160165163407
40.870567880154752
3.5358010565912399
7.1023770310464167
44.368912161609586
1.8077515191451081
0
6.3749291840155067
0
0
0
0
0
0
0
11.488418438231157
15.936935044180242
48.359303198235999
14.152559471119497
48.877975317712938
9.3049330970975266
0
0
0
0
0
0
0
0
0
49.285538190592121
49.603855550639523
49.730222199218623
49.163153986049885
48.941334083170723
49.722627965945314
0
0
0
0
0
0
49.680346966631994
49.677410284368065
49.714105482534819
49.665666873724568
49.661942611025445
49.7114572422837
49.678169562499349
49.68564944506371
49.731780086434576
0
0
0
0
0
0
49.697113794995673
49.669884436219427
49.437018954648231
49.671674946941827
49.661269756584652
48.106852561489148
49.710528009981694
49.681374546149002
49.650162857502814
0
0
0
0
0
0
38.03968770277713
49.6166551558481
41.0856698251498
49.645287922074466
44.122116568501866
44.741839575628056
11.601933055802951
44.622710571232098
2.7016167418480852
0
0
0
0
0
0
48.689967881587251
15.910828844293693
1.9777591857441288
47.613733000819984
0.12413268288739428
6.7932295855200584
0
0
0
0
0
0
0
0
0
0
0
0
0
0
0
0
0
0
0
0
0
0
0
0
0
0
0
0
0
0
0
0
0
0
0
0
0
0
0
0
0
0
0
0
0
0
0
0
0
0
0
0
0
0
0
0
0
0
0
0
0
0
0
0
0
0
0
0
0
0
0
0
5.8267790435821407
1.1131833894460359
34.884403960872206
4.4250696481606422
46.354030518642361
9.09334363169285
0
10.048833211009651
0
0
0
0
0
0
0
37.879443200444648
35.316907424629761
49.828288304082868
29.730408626203687
49.605547173321185
37.943688262677043
0
0
0
0
0
0
49.831511061632405
49.831151340520492
49.833479790036407
49.811187718373994
49.825834262084896
49.832552321665432
49.837943317609962
49.838508553988547
49.839785414754999
0
0
0
0
0
0
49.835780108867937
49.829829470363137
49.831150373192912
49.827962722918244
49.812301076035013
49.819940027639255
49.82707658229706
49.82623842035315
49.84179324772704
0
0
0
0
0
0
49.838007730016379
49.829255347068923
49.83410963633451
49.83250932335671
49.815750971245414
49.794137536116594
49.83487023099493
49.83319455926393
49.831694528031022
0
0
0
0
0
0
32.659709697992575
35.638193390063911
49.565991491994339
49.659538671128793
41.494557630617116
38.724969918729229
0
0
0
0
0
0
0
0.095763081818255658
0
48.818698416339906
3.7042761827809714
0.60052327199698419
45.054914566196494
7.9072859985458299
0.56018970581584671
0
0
0
0
0
0
0
0
0
0
0
0
0
0
0
0
0
0
0
0
0
0
0
0
0
0
0
0
0
0
0
0
0
0
0
0
0
0
0
0
0
0
0
0
0
0
0
0
0
0
0
0
0
0
0
0
0
0
0
0
0
0
0
0
0
0
0
0
0
0
0
0
17.632161934893244
1.3666952436162261
49.122119991943826
8.2067094366927211
48.098698079853754
18.81615956228903
0
0
0
0
0
0
3.6763411691249654
47.929975409814851
13.104326658205402
31.34844235097227
43.590079841244624
49.666843578056302
45.643357074750995
46.535630518834452
49.699925911923266
0
0
0
0
0
0
49.702682684707
49.803827235336776
49.731252095953742
49.72118010271177
49.718666962240953
49.757653806903249
49.379341970206227
49.701798109401913
49.766297022897916
0
0
0
0
0
0
49.790267718179862
49.748194732298671
49.739620781300822
49.788716359572724
49.615649229454412
49.501489567699878
49.76824646209112
49.727711506128379
49.722944538183107
0
0
0
0
0
0
49.758671449706839
48.618080028956825
48.581932113361049
49.770418017244687
49.670902886248015
49.56783792357264
0
0
0
0
0
0
0
0
0
49.418375684500901
18.179412941047332
9.5592812678616976
49.220403284488576
11.411692277154533
15.151242624948964
0
0
0
0
0
0
0.49823988373460026
22.639849888702681
0
0
35.216525576038016
0
31.058192929933803
3.0563499444622706
1.5713595988170268
0
0
0
0
0
0
0
0
0
0
0
0
0
0
0
0
0
0
0
0
0
0
0
0
0
0
0
0
0
0
0
0
0
0
0
0
0
0
0
0
0
0
0
0
0
0
0
0
0
0
0
0
0
0
0
0
0
0
0
0
0
0
0
0
0
0
0
0
0
0.09453809454287869
20.984957210055715
0
41.582003903868873
48.540743339486639
39.203789900129166
37.077291885360154
23.996473726231713
48.574516941014743
0
0
0
0
0
0
41.078634392307151
42.292970352656496
48.603577334029829
42.968167267642556
32.963325064638219
48.81202079552255
48.701244494021644
43.250577326550406
45.196100249717944
0
0
0
0
0
0
48.418263666512395
48.394640184496161
48.651597000849833
48.501450489168178
48.355995167372704
48.385873744682165
41.345750814396489
40.923577727006645
48.802023077666185
0
0
0
0
0
0
46.697410704060836
48.549101493208767
46.114578012610806
48.529615847400322
48.387420370812137
48.355441587966382
1.6326135556237542
0
0
0
0
0
0
0
0
48.370193424038312
31.407555417720722
26.712936890098995
36.553471134991199
47.478155395498078
33.760833556723583
0
0
0
0
0
0
8.5381011253746486
38.742786149559514
4.4383003945145241
47.850622218709859
8.3538239090442339
5.4177042234291308
0.92197981510769167
45.203005198175155
0.77712306924033281
0
0
0
0
0
0
20.725317527740426
0.087009647730843298
6.18422435681107
28.8938651097579
0.1607877161788247
4.6955728890259829
0.19573433891078479
30.471109012797783
3.6143318258816786
0
0
0
0
0
0
0
0
0
0
0
0
0
0
0
0
0
0
0
0
0
0
0
0
0
0
0
0
0
0
0
0
0
0
0
0
0
0
0
0
0
0
0
0
0
0
0
0
0
0
0
0
0
0
0
0
0
0
10.388593191169152
0
0
3.5445968584849767
0
0
0
0
0
0
0
9.6599931476474161
45.409486830713732
4.3630592823353203
41.581163659204869
47.065043012188568
44.240837826110997
42.824780104963324
4.7453237058401765
7.5415461683714646
0
0
0
0
0
0
18.670310882012064
46.535035855674053
29.561959709561158
43.15073928021264
46.265567182994928
47.071662710325874
12.239548581033221
47.340201115788695
0.7897078608927548
0
0
0
0
0
0
18.901956471775421
46.530321975529681
16.232779133103175
42.749346508918293
47.283611308077575
43.04938587246712
0
0
0
0
0
0
0
7.804745105877207
0
46.2727015057241
18.269136290037189
12.499299648620481
2.1565346002347798
43.560627961270001
1.5610171107307744
0
0
0
0
0
0
0
3.5476951098514058
3.5787260002418417
45.811885099449334
0.58507188368770557
0.50064930346554382
39.482543964421801
0
0.14054872367574442
0
0
0
0
0
0
15.558131249466662
0
0.54374084177207549
4.7486666783109994
9.8242999142296092
43.791205903304892
4.6960035049322881
40.864501177908366
0.55062218748481828
0
0
0
0
0
0
0
24.889628014763719
0.77368613618546656
0.23890572135963728
26.869529862668696
2.8036866574034871
0.35721004333396328
29.5816579921363
0.053031999811511167
0
0
0
0
0
0
0
0
0
0
0
0
0
0
0
0
0
0
0
0
0
0
0
0
0
0
0
0
0
0
0
0
0
0
0
0
0
0
0
0
0
0
0
0
0
0
0
0
0
0
0
0
0
0
0
0.050240182657356795
0
0
8.0892131830641372
0
0
0
0
0
0
0
0
0
0
23.58780911515116
43.75688164954726
22.09027745659839
38.452396385943615
44.663352108019808
38.723267419509313
0.11052996251349555
25.010476577892103
0.27622029447324575
0
0
0
0
0.14902177311821063
24.449579608551602
37.954286138564491
43.535845281206718
34.553547808175288
18.150401374689533
43.813303076530183
12.29958948800035
0
0
0
0
0
0
39.068306634093403
4.2622920703290026
4.054214778629416
42.010213261211561
14.450248284825877
8.7760578932816635
42.377702648278181
4.1080205521705562
5.761330743309963
0
0
0
0
0
0
35.294812873197287
0.032146669147149212
0
13.634988935944293
40.76258615819993
16.565260189906247
38.11610421384561
0.064020698212536489
7.725264893616508
0
0
0
0
0
0
4.2666064474566268
39.623914683487108
0.14322939953232552
2.3754253832178822
39.206816539557487
9.8533109783300343
0.015799062402608945
0.055063379917827004
30.528571262534712
0
0
0
0
0
0
0.034162388292319705
36.629016574153162
2.6773434255836741
1.5442552109320831
34.474146977015003
1.3444821017887538
34.764411887589439
0.097945246660376073
0.039596471294206764
0
0
0
0
0
0
3.4772645393035582
1.5532057122131613
24.871656482167051
0
0
4.9909529130042385
30.216019275073705
0.11696724165003426
0.08155532032763832
0
0
0
0
0
0
0
0
0
0
0
0
0
0
0
0
0
0
0
0
0
0
0
0
0
0
0
0
0
0
0
0
0
0
0
0
0
0
0
0
0
0
0
0
0
0
0
0
0
0
0
0
0
0
0
0
0
0
0
0
0
0
0
0
0
0
0
0
0
0.017802984566569809
0.037666020965974628
0
0
0
0
0
0
0
0
0
0
0
0.46659969694622783
-0.0085188300108515504
-0.015354215988421661
-0.0043897177563890022
19.909457564696773
0
0
0
0
0
0
0
0
0
-0.0033406376084476243
6.7583209896867089
0
-0.014177594097482973
6.9643040081692602
-0.018922464446256167
0
0
0
0
0
0
0
0
0
1.6659342214529769
-0.01932537303221207
-0.0047362617482292896
0.33980141362757416
-0.0089081877924909233
-0.015105748373180636
0
0
0
0
0
0
0
0
0
0.13838016105109679
-0.01539299676929739
-0.014244264020436808
-0.011904079581689474
0
0
0
0
0
0
0
0
0
0
0
-0.013833713762144423
-0.0066363457215270752
-0.0098591354105461177
0.13258663799563358
-0.008749822669222404
0
0
0
0
0
0
0
0
0
0
0
-0.010947220186349898
0
0
0
0
0
0
0
0
0
0
0
0
0
0
0
0
0
0
0
0
0
0
0
0
0
0
0
0
0
0
0
0
0
0
0
0
0
0
0
0
0
0
0
